1	0
2	6
3	12
4	14
5	15
6	14
7	15
8	16
9	17
10	17
11	18
12	24
13	30
14	36
15	42
16	48
17	54
18	57
19	57
20	58
21	62
22	63
23	62
24	62
25	64
26	65
27	65
28	66
29	71
30	71
31	72
32	71
33	71
34	73
35	74
36	74
37	75
38	81
39	87
40	88
41	88
42	89
43	91
44	92
45	91
46	92
47	93
48	93
49	94
50	94
51	95
52	101
53	102
54	102
55	103
56	109
57	115
58	121
59	127
60	133
61	139
62	142
63	142
64	143
65	145
66	145
67	146
68	149
69	149
70	150
71	149
72	150
73	151
74	151
75	152
76	152
77	153
78	159
79	165
80	171
81	177
82	181
83	181
84	182
85	182
86	183
87	184
88	184
89	185
90	184
91	184
92	185
93	186
94	188
95	188
96	188
97	189
98	190
99	190
100	191
101	192
102	192
103	192
104	193
105	194
106	194
107	195
108	192
109	192
110	192
111	192
112	196
113	192
114	197
115	199
116	200
117	200
118	199
119	200
120	201
121	203
122	204
123	203
124	203
125	205
126	207
127	207
128	208
129	210
130	210
131	211
132	215
133	215
134	216
135	222
136	225
137	225
138	226
139	227
140	225
141	227
142	228
143	234
144	235
145	235
146	236
147	236
148	237
149	240
150	240
151	241
152	243
153	243
154	244
155	243
156	244
157	245
158	245
159	246
160	245
161	246
162	247
163	247
164	247
165	248
166	247
167	248
168	249
169	250
170	249
171	250
172	251
173	252
174	252
175	252
176	253
177	259
178	263
179	263
180	264
181	265
182	265
183	266
184	271
185	271
186	272
187	278
188	279
189	279
190	280
191	282
192	282
193	283
194	286
195	287
196	291
197	291
198	292
199	286
200	286
201	295
202	297
203	297
204	298
205	299
206	299
207	299
208	300
209	301
210	302
211	303
212	286
213	286
214	303
215	304
216	305
217	304
218	305
219	310
220	310
221	311
222	310
223	311
224	312
225	312
226	310
227	310
228	313
229	318
230	310
231	318
232	319
233	325
234	331
235	337
236	340
237	340
238	341
239	347
240	353
241	358
242	359
243	358
244	359
245	360
246	366
247	372
248	378
249	384
250	387
251	387
252	388
253	392
254	392
255	393
256	399
257	405
258	411
259	417
260	419
261	419
262	420
263	426
264	432
265	438
266	440
267	440
268	441
269	447
270	453
271	457
272	458
273	457
274	458
275	459
276	461
277	461
278	462
279	468
280	474
281	480
282	486
283	488
284	488
285	489
286	491
287	491
288	492
289	496
290	496
291	497
292	497
293	498
294	500
295	501
296	500
297	501
298	502
299	502
300	503
301	508
302	508
303	508
304	509
305	511
306	511
307	512
308	512
309	513
310	516
311	517
312	516
313	517
314	519
315	520
316	519
317	520
318	521
319	519
320	523
321	529
322	535
323	539
324	539
325	540
326	540
327	541
328	547
329	552
330	552
331	553
332	559
333	565
334	571
335	576
336	576
337	577
338	578
339	579
340	577
341	579
342	580
343	581
344	581
345	581
346	582
347	588
348	594
349	600
350	602
351	602
352	603
353	609
354	615
355	621
356	627
357	633
358	635
359	635
360	636
361	642
362	648
363	654
364	660
365	666
366	669
367	669
368	670
369	676
370	682
371	684
372	684
373	685
374	691
375	697
376	703
377	709
378	715
379	715
380	716
381	715
382	717
383	717
384	718
385	724
386	727
387	727
388	728
389	729
390	729
391	730
392	736
393	742
394	742
395	743
396	749
397	755
398	756
399	756
400	757
401	763
402	769
403	775
404	775
405	776
406	775
407	777
408	783
409	789
410	795
411	795
412	796
413	802
414	808
415	814
416	819
417	819
418	820
419	826
420	831
421	831
422	832
423	833
424	833
425	834
426	840
427	846
428	852
429	857
430	857
431	858
432	864
433	870
434	874
435	874
436	875
437	875
438	876
439	882
440	888
441	894
442	900
443	906
444	912
445	918
446	924
447	927
448	927
449	928
450	934
451	934
452	935
453	936
454	936
455	937
456	943
457	949
458	955
459	961
460	962
461	966
462	967
463	962
464	962
465	967
466	962
467	968
468	962
469	972
470	978
471	984
472	986
473	986
474	987
475	993
476	999
477	1005
478	1011
479	1011
480	1012
481	1015
482	1015
483	1016
484	1022
485	1024
486	1024
487	1025
488	1031
489	1037
490	1043
491	1046
492	1046
493	1047
494	1047
495	1048
496	1053
497	1054
498	1053
499	1054
500	1055
501	1061
502	1067
503	1069
504	1069
505	1070
506	1076
507	1082
508	1088
509	1094
510	1100
511	1106
512	1112
513	1118
514	1124
515	1130
516	1136
517	1142
518	1148
519	1154
520	1160
521	1166
522	1172
523	1178
524	1184
525	1190
526	1195
527	1195
528	1196
529	1202
530	1208
531	1214
532	1220
533	1226
534	1232
535	1238
536	1244
537	1249
538	1249
539	1250
540	1256
541	1256
542	1257
543	1263
544	1269
545	1275
546	1281
547	1287
548	1293
549	1299
550	1305
551	1311
552	1317
553	1323
554	1329
555	1335
556	1341
557	1347
558	1353
559	1359
560	1365
561	1371
562	1377
563	1383
564	1389
565	1392
566	1392
567	1393
568	1399
569	1399
570	1400
571	1406
572	1411
573	1411
574	1412
575	1412
576	1413
577	1419
578	1419
579	1420
580	1426
581	1432
582	1438
583	1444
584	1444
585	1445
586	1448
587	1448
588	1449
589	1455
590	1458
591	1458
592	1459
593	1465
594	1467
595	1467
596	1468
597	1474
598	1480
599	1486
600	1492
601	1498
602	1504
603	1509
604	1509
605	1510
606	1516
607	1522
608	1528
609	1534
610	1537
611	1538
612	1544
613	1550
614	1556
615	1562
616	1568
617	1574
618	1580
619	1586
620	1592
621	1598
622	1604
623	1605
624	1605
625	1606
626	1612
627	1618
628	1624
629	1630
630	1636
631	1642
632	1648
633	1654
634	1660
635	1666
636	1672
637	1678
638	1684
639	1690
640	1696
641	1701
642	1701
643	1702
644	1708
645	1714
646	1716
647	1716
648	1716
649	1717
650	1722
651	1722
652	1723
653	1726
654	1726
655	1727
656	1733
657	1739
658	1743
659	1743
660	1744
661	1745
662	1745
663	1746
664	1752
665	1758
666	1764
667	1768
668	1768
669	1769
670	1773
671	1773
672	1774
673	1780
674	1786
675	1786
676	1787
677	1793
678	1799
679	1805
680	1811
681	1817
682	1818
683	1818
684	1819
685	1820
686	1820
687	1821
688	1827
689	1829
690	1829
691	1830
692	1831
693	1831
694	1832
695	1838
696	1844
697	1850
698	1856
699	1862
700	1868
701	1874
702	1880
703	1886
704	1892
705	1895
706	1895
707	1896
708	1902
709	1908
710	1914
711	1920
712	1926
713	1932
714	1938
715	1944
716	1950
717	1956
718	1962
719	1968
720	1974
721	1980
722	1986
723	1992
724	1998
725	2003
726	2003
727	2004
728	2007
729	2007
730	2008
731	2014
732	2020
733	2026
734	2029
735	2029
736	2030
737	2036
738	2042
739	2048
740	2054
741	2060
742	2063
743	2063
744	2064
745	2070
746	2076
747	2082
748	2088
749	2094
750	2100
751	2106
752	2112
753	2118
754	2124
755	2130
756	2136
757	2142
758	2148
759	2154
760	2160
761	2166
762	2172
763	2178
764	2184
765	2190
766	2196
767	2202
768	2208
769	2214
770	2220
771	2226
772	2232
773	2235
774	2236
775	2242
776	2248
777	2253
778	2253
779	2254
780	2260
781	2266
782	2267
783	2267
784	2268
785	2274
786	2280
787	2286
788	2292
789	2292
790	2293
791	2299
792	2302
793	2302
794	2303
795	2309
796	2315
797	2321
798	2327
799	2333
800	2339
801	2345
802	2351
803	2357
804	2360
805	2360
806	2361
807	2367
808	2367
809	2368
810	2374
811	2380
812	2386
813	2392
814	2398
815	2402
816	2402
817	2403
818	2409
819	2410
820	2410
821	2411
822	2412
823	2412
824	2413
825	2419
826	2424
827	2425
828	2424
829	2425
830	2426
831	2432
832	2438
833	2444
834	2450
835	2450
836	2451
837	2457
838	2463
839	2469
840	2475
841	2481
842	2487
843	2493
844	2499
845	2505
846	2511
847	2517
848	2523
849	2529
850	2531
851	2531
852	2532
853	2538
854	2544
855	2550
856	2556
857	2562
858	2568
859	2574
860	2580
861	2586
862	2592
863	2598
864	2604
865	2610
866	2616
867	2622
868	2628
869	2634
870	2634
871	2635
872	2641
873	2647
874	2653
875	2657
876	2657
877	2658
878	2664
879	2670
880	2676
881	2682
882	2688
883	2694
884	2700
885	2706
886	2712
887	2714
888	2714
889	2715
890	2721
891	2727
892	2733
893	2739
894	2745
895	2751
896	2757
897	2763
898	2763
899	2764
900	2766
901	2766
902	2767
903	2768
904	2768
905	2769
906	2775
907	2776
908	2776
909	2777
910	2783
911	2789
912	2791
913	2791
914	2792
915	2797
916	2797
917	2798
918	2804
919	2810
920	2816
921	2822
922	2828
923	2834
924	2839
925	2839
926	2840
927	2841
928	2841
929	2842
930	2848
931	2854
932	2860
933	2866
934	2871
935	2871
936	2872
937	2878
938	2884
939	2890
940	2893
941	2893
942	2894
943	2900
944	2906
945	2912
946	2918
947	2924
948	2930
949	2936
950	2942
951	2948
952	2954
953	2960
954	2963
955	2963
956	2964
957	2970
958	2976
959	2982
960	2988
961	2994
962	3000
963	3006
964	3012
965	3018
966	3018
967	3019
968	3025
969	3031
970	3035
971	3035
972	3036
973	3042
974	3048
975	3054
976	3060
977	3066
978	3072
979	3078
980	3084
981	3090
982	3096
983	3102
984	3108
985	3114
986	3115
987	3116
988	3122
989	3128
990	3134
991	3140
992	3146
993	3152
994	3158
995	3164
996	3170
997	3176
998	3180
999	3180
1000	3181
1001	3187
1002	3193
1003	3199
1004	3205
1005	3208
1006	3208
1007	3209
1008	3214
1009	3214
1010	3215
1011	3221
1012	3209
1013	3209
1014	3209
1015	3223
1016	3229
1017	3229
1018	3230
1019	3234
1020	3234
1021	3235
1022	3241
1023	3247
1024	3253
1025	3259
1026	3265
1027	3271
1028	3277
1029	3283
1030	3285
1031	3285
1032	3286
1033	3292
1034	3298
1035	3298
1036	3299
1037	3305
1038	3311
1039	3316
1040	3316
1041	3317
1042	3323
1043	3329
1044	3335
1045	3341
1046	3342
1047	3342
1048	3343
1049	3346
1050	3346
1051	3347
1052	3353
1053	3356
1054	3356
1055	3357
1056	3363
1057	3365
1058	3365
1059	3366
1060	3372
1061	3378
1062	3384
1063	3390
1064	3396
1065	3402
1066	3402
1067	3403
1068	3404
1069	3404
1070	3405
1071	3407
1072	3407
1073	3408
1074	3414
1075	3420
1076	3422
1077	3422
1078	3423
1079	3429
1080	3431
1081	3431
1082	3432
1083	3438
1084	3444
1085	3446
1086	3446
1087	3447
1088	3453
1089	3455
1090	3455
1091	3456
1092	3458
1093	3458
1094	3459
1095	3465
1096	3471
1097	3477
1098	3483
1099	3488
1100	3488
1101	3489
1102	3495
1103	3501
1104	3504
1105	3504
1106	3505
1107	3511
1108	3512
1109	3512
1110	3513
1111	3512
1112	3513
1113	3514
1114	3520
1115	3524
1116	3524
1117	3525
1118	3528
1119	3528
1120	3529
1121	3535
1122	3541
1123	3547
1124	3553
1125	3559
1126	3565
1127	3571
1128	3575
1129	3575
1130	3576
1131	3582
1132	3588
1133	3590
1134	3590
1135	3591
1136	3597
1137	3599
1138	3599
1139	3600
1140	3602
1141	3602
1142	3603
1143	3608
1144	3608
1145	3609
1146	3611
1147	3611
1148	3611
1149	3612
1150	3618
1151	3624
1152	3629
1153	3629
1154	3630
1155	3636
1156	3642
1157	3644
1158	3644
1159	3645
1160	3648
1161	3648
1162	3649
1163	3655
1164	3661
1165	3667
1166	3673
1167	3674
1168	3674
1169	3675
1170	3680
1171	3680
1172	3681
1173	3687
1174	3693
1175	3699
1176	3701
1177	3701
1178	3702
1179	3708
1180	3713
1181	3713
1182	3714
1183	3720
1184	3722
1185	3722
1186	3723
1187	3728
1188	3728
1189	3729
1190	3735
1191	3741
1192	3747
1193	3749
1194	3749
1195	3750
1196	3755
1197	3755
1198	3756
1199	3761
1200	3761
1201	3762
1202	3768
1203	3774
1204	3780
1205	3785
1206	3785
1207	3786
1208	3792
1209	3798
1210	3804
1211	3810
1212	3816
1213	3816
1214	3817
1215	3823
1216	3824
1217	3824
1218	3825
1219	3827
1220	3827
1221	3828
1222	3834
1223	3836
1224	3836
1225	3837
1226	3840
1227	3840
1228	3841
1229	3842
1230	3842
1231	3843
1232	3849
1233	3855
1234	3855
1235	3856
1236	3862
1237	3868
1238	3874
1239	3878
1240	3878
1241	3879
1242	3881
1243	3881
1244	3882
1245	3888
1246	3894
1247	3896
1248	3896
1249	3897
1250	3899
1251	3899
1252	3900
1253	3901
1254	3901
1255	3902
1256	3908
1257	3914
1258	3917
1259	3917
1260	3917
1261	3918
1262	3923
1263	3923
1264	3924
1265	3926
1266	3926
1267	3927
1268	3929
1269	3929
1270	3930
1271	3936
1272	3942
1273	3947
1274	3947
1275	3948
1276	3954
1277	3960
1278	3965
1279	3965
1280	3966
1281	3972
1282	3978
1283	3978
1284	3979
1285	3985
1286	3986
1287	3986
1288	3987
1289	3989
1290	3989
1291	3990
1292	3996
1293	3998
1294	3998
1295	3999
1296	4005
1297	4007
1298	4007
1299	4008
1300	4014
1301	4019
1302	4019
1303	4020
1304	4026
1305	4032
1306	4033
1307	4033
1308	4034
1309	4040
1310	4046
1311	4052
1312	4052
1313	4053
1314	4055
1315	4056
1316	4055
1317	4055
1318	4057
1319	4063
1320	4069
1321	4075
1322	4081
1323	4087
1324	4093
1325	4099
1326	4100
1327	4100
1328	4101
1329	4101
1330	4102
1331	4108
1332	4112
1333	4112
1334	4112
1335	4113
1336	4119
1337	4121
1338	4121
1339	4122
1340	4125
1341	4125
1342	4126
1343	4132
1344	4138
1345	4144
1346	4150
1347	4156
1348	4162
1349	4168
1350	4172
1351	4172
1352	4173
1353	4178
1354	4178
1355	4179
1356	4185
1357	4191
1358	4197
1359	4203
1360	4208
1361	4208
1362	4209
1363	4212
1364	4212
1365	4213
1366	4219
1367	4224
1368	4224
1369	4225
1370	4226
1371	4226
1372	4227
1373	4233
1374	4239
1375	4240
1376	4240
1377	4241
1378	4247
1379	4253
1380	4256
1381	4256
1382	4257
1383	4263
1384	4269
1385	4275
1386	4281
1387	4287
1388	4293
1389	4299
1390	4305
1391	4311
1392	4317
1393	4320
1394	4320
1395	4321
1396	4326
1397	4326
1398	4327
1399	4333
1400	4339
1401	4345
1402	4351
1403	4357
1404	4363
1405	4369
1406	4375
1407	4381
1408	4387
1409	4388
1410	4388
1411	4389
1412	4395
1413	4396
1414	4396
1415	4397
1416	4403
1417	4403
1418	4404
1419	4410
1420	4416
1421	4422
1422	4428
1423	4434
1424	4440
1425	4446
1426	4452
1427	4458
1428	4462
1429	4462
1430	4463
1431	4464
1432	4464
1433	4465
1434	4471
1435	4477
1436	4483
1437	4489
1438	4495
1439	4499
1440	4499
1441	4500
1442	4500
1443	4501
1444	4504
1445	4504
1446	4505
1447	4504
1448	4506
1449	4512
1450	4518
1451	4520
1452	4520
1453	4521
1454	4527
1455	4533
1456	4537
1457	4537
1458	4538
1459	4540
1460	4540
1461	4541
1462	4547
1463	4553
1464	4559
1465	4565
1466	4569
1467	4570
1468	4569
1469	4570
1470	4571
1471	4577
1472	4583
1473	4588
1474	4588
1475	4589
1476	4594
1477	4594
1478	4595
1479	4601
1480	4607
1481	4613
1482	4619
1483	4625
1484	4630
1485	4630
1486	4631
1487	4637
1488	4643
1489	4649
1490	4654
1491	4654
1492	4655
1493	4661
1494	4662
1495	4662
1496	4663
1497	4667
1498	4667
1499	4668
1500	4674
1501	4680
1502	4686
1503	4692
1504	4696
1505	4696
1506	4697
1507	4703
1508	4703
1509	4704
1510	4710
1511	4711
1512	4711
1513	4712
1514	4718
1515	4723
1516	4723
1517	4724
1518	4730
1519	4736
1520	4741
1521	4741
1522	4742
1523	4746
1524	4746
1525	4749
1526	4751
1527	4757
1528	4751
1529	4751
1530	4760
1531	4766
1532	4772
1533	4777
1534	4777
1535	4778
1536	4784
1537	4790
1538	4796
1539	4801
1540	4801
1541	4802
1542	4808
1543	4814
1544	4820
1545	4826
1546	4832
1547	4832
1548	4833
1549	4839
1550	4841
1551	4841
1552	4842
1553	4848
1554	4854
1555	4860
1556	4864
1557	4864
1558	4864
1559	4865
1560	4871
1561	4877
1562	4883
1563	4889
1564	4891
1565	4891
1566	4892
1567	4898
1568	4904
1569	4910
1570	4910
1571	4911
1572	4912
1573	4912
1574	4913
1575	4915
1576	4915
1577	4916
1578	4922
1579	4922
1580	4922
1581	4923
1582	4925
1583	4925
1584	4926
1585	4932
1586	4936
1587	4936
1588	4937
1589	4943
1590	4945
1591	4945
1592	4946
1593	4948
1594	4948
1595	4949
1596	4955
1597	4957
1598	4957
1599	4958
1600	4964
1601	4966
1602	4966
1603	4967
1604	4966
1605	4968
1606	4972
1607	4972
1608	4973
1609	4979
1610	4984
1611	4984
1612	4985
1613	4985
1614	4986
1615	4992
1616	4998
1617	4999
1618	4999
1619	5000
1620	5006
1621	5012
1622	5012
1623	5013
1624	5019
1625	5025
1626	5029
1627	5029
1628	5030
1629	5036
1630	5042
1631	5048
1632	5054
1633	5054
1634	5055
1635	5056
1636	5056
1637	5057
1638	5062
1639	5062
1640	5063
1641	5069
1642	5075
1643	5081
1644	5087
1645	5093
1646	5099
1647	5105
1648	5107
1649	5107
1650	5108
1651	5114
1652	5116
1653	5116
1654	5117
1655	5119
1656	5119
1657	5120
1658	5126
1659	5132
1660	5138
1661	5144
1662	5150
1663	5155
1664	5155
1665	5156
1666	5162
1667	5168
1668	5170
1669	5170
1670	5171
1671	5177
1672	5183
1673	5185
1674	5186
1675	5185
1676	5186
1677	5187
1678	5193
1679	5199
1680	5204
1681	5204
1682	5205
1683	5211
1684	5217
1685	5221
1686	5221
1687	5222
1688	5228
1689	5234
1690	5239
1691	5239
1692	5240
1693	5246
1694	5252
1695	5258
1696	5258
1697	5259
1698	5265
1699	5269
1700	5270
1701	5269
1702	5270
1703	5271
1704	5275
1705	5275
1706	5276
1707	5278
1708	5278
1709	5279
1710	5285
1711	5291
1712	5297
1713	5303
1714	5308
1715	5308
1716	5309
1717	5310
1718	5310
1719	5311
1720	5317
1721	5323
1722	5328
1723	5328
1724	5329
1725	5335
1726	5341
1727	5347
1728	5353
1729	5359
1730	5359
1731	5360
1732	5366
1733	5368
1734	5368
1735	5369
1736	5375
1737	5381
1738	5387
1739	5393
1740	5395
1741	5395
1742	5395
1743	5396
1744	5398
1745	5398
1746	5399
1747	5401
1748	5401
1749	5402
1750	5408
1751	5414
1752	5420
1753	5422
1754	5422
1755	5423
1756	5425
1757	5425
1758	5426
1759	5432
1760	5438
1761	5444
1762	5450
1763	5450
1764	5451
1765	5455
1766	5455
1767	5456
1768	5462
1769	5464
1770	5464
1771	5465
1772	5468
1773	5468
1774	5469
1775	5474
1776	5474
1777	5475
1778	5479
1779	5479
1780	5480
1781	5482
1782	5482
1783	5483
1784	5489
1785	5495
1786	5497
1787	5497
1788	5498
1789	5500
1790	5500
1791	5501
1792	5507
1793	5509
1794	5513
1795	5513
1796	5514
1797	5516
1798	5516
1799	5517
1800	5509
1801	5509
1802	5520
1803	5523
1804	5524
1805	5523
1806	5524
1807	5525
1808	5531
1809	5537
1810	5543
1811	5547
1812	5547
1813	5548
1814	5554
1815	5560
1816	5566
1817	5566
1818	5567
1819	5571
1820	5571
1821	5572
1822	5578
1823	5584
1824	5588
1825	5588
1826	5589
1827	5593
1828	5593
1829	5594
1830	5600
1831	5606
1832	5609
1833	5609
1834	5610
1835	5611
1836	5611
1837	5612
1838	5618
1839	5624
1840	5630
1841	5636
1842	5642
1843	5648
1844	5654
1845	5660
1846	5664
1847	5664
1848	5665
1849	5671
1850	5677
1851	5681
1852	5681
1853	5682
1854	5688
1855	5694
1856	5700
1857	5706
1858	5712
1859	5718
1860	5723
1861	5723
1862	5724
1863	5730
1864	5736
1865	5742
1866	5748
1867	5754
1868	5760
1869	5766
1870	5772
1871	5778
1872	5781
1873	5781
1874	5782
1875	5788
1876	5794
1877	5800
1878	5806
1879	5812
1880	5818
1881	5818
1882	5824
1883	5829
1884	5829
1885	5830
1886	5836
1887	5842
1888	5844
1889	5844
1890	5845
1891	5848
1892	5848
1893	5849
1894	5851
1895	5851
1896	5852
1897	5858
1898	5864
1899	5870
1900	5876
1901	5882
1902	5888
1903	5894
1904	5900
1905	5901
1906	5901
1907	5901
1908	5901
1909	5901
1910	5902
1911	5902
1912	5902
1913	5902
1914	5903
1915	5907
1916	5907
1917	5908
1918	5914
1919	5918
1920	5918
1921	5919
1922	5925
1923	5931
1924	5937
1925	5943
1926	5949
1927	5955
1928	5959
1929	5959
1930	5960
1931	5966
1932	5972
1933	5978
1934	5984
1935	5990
1936	5996
1937	6002
1938	6007
1939	6007
1940	6008
1941	6010
1942	6010
1943	6011
1944	6017
1945	6023
1946	6029
1947	6031
1948	6031
1949	6032
1950	6038
1951	6044
1952	6048
1953	6048
1954	6049
1955	6055
1956	6055
1957	6056
1958	6062
1959	6068
1960	6074
1961	6079
1962	6079
1963	6080
1964	6086
1965	6092
1966	6098
1967	6104
1968	6110
1969	6116
1970	6122
1971	6124
1972	6124
1973	6125
1974	6131
1975	6137
1976	6143
1977	6149
1978	6155
1979	6160
1980	6160
1981	6161
1982	6164
1983	6164
1984	6165
1985	6171
1986	6175
1987	6175
1988	6176
1989	6182
1990	6188
1991	6190
1992	6190
1993	6191
1994	6193
1995	6193
1996	6194
1997	6200
1998	6206
1999	6208
2000	6208
2001	6209
2002	6215
2003	6221
2004	6224
2005	6224
2006	6225
2007	6229
2008	6229
2009	6229
2010	6230
2011	6235
2012	6235
2013	6236
2014	6242
2015	6248
2016	6250
2017	6250
2018	6251
2019	6257
2020	6263
2021	6268
2022	6268
2023	6269
2024	6274
2025	6274
2026	6275
2027	6280
2028	6280
2029	6281
2030	6287
2031	6292
2032	6292
2033	6293
2034	6298
2035	6298
2036	6299
2037	6305
2038	6305
2039	6306
2040	6312
2041	6318
2042	6324
2043	6330
2044	6336
2045	6342
2046	6348
2047	6354
2048	6360
2049	6361
2050	6361
2051	6362
2052	6368
2053	6372
2054	6372
2055	6373
2056	6374
2057	6374
2058	6375
2059	6376
2060	6376
2061	6377
2062	6379
2063	6379
2064	6380
2065	6385
2066	6385
2067	6386
2068	6391
2069	6391
2070	6392
2071	6398
2072	6400
2073	6400
2074	6401
2075	6407
2076	6413
2077	6418
2078	6418
2079	6419
2080	6421
2081	6421
2082	6422
2083	6428
2084	6434
2085	6439
2086	6439
2087	6440
2088	6446
2089	6452
2090	6458
2091	6460
2092	6460
2093	6461
2094	6467
2095	6473
2096	6479
2097	6485
2098	6491
2099	6491
2100	6492
2101	6493
2102	6493
2103	6494
2104	6500
2105	6506
2106	6512
2107	6517
2108	6517
2109	6518
2110	6520
2111	6520
2112	6521
2113	6526
2114	6526
2115	6527
2116	6533
2117	6539
2118	6545
2119	6550
2120	6550
2121	6550
2122	6551
2123	6556
2124	6556
2125	6557
2126	6563
2127	6569
2128	6574
2129	6574
2130	6575
2131	6577
2132	6577
2133	6577
2134	6578
2135	6578
2136	6579
2137	6585
2138	6591
2139	6595
2140	6595
2141	6596
2142	6602
2143	6608
2144	6614
2145	6620
2146	6622
2147	6622
2148	6623
2149	6625
2150	6625
2151	6626
2152	6628
2153	6628
2154	6629
2155	6635
2156	6641
2157	6647
2158	6649
2159	6649
2160	6650
2161	6656
2162	6662
2163	6668
2164	6674
2165	6676
2166	6676
2167	6677
2168	6682
2169	6682
2170	6683
2171	6688
2172	6688
2173	6689
2174	6695
2175	6701
2176	6707
2177	6713
2178	6718
2179	6718
2180	6719
2181	6725
2182	6727
2183	6727
2184	6728
2185	6734
2186	6740
2187	6742
2188	6742
2189	6743
2190	6749
2191	6755
2192	6760
2193	6760
2194	6761
2195	6763
2196	6763
2197	6764
2198	6770
2199	6776
2200	6782
2201	6788
2202	6794
2203	6800
2204	6806
2205	6812
2206	6814
2207	6814
2208	6815
2209	6821
2210	6823
2211	6823
2212	6824
2213	6830
2214	6835
2215	6835
2216	6836
2217	6842
2218	6848
2219	6854
2220	6860
2221	6866
2222	6872
2223	6878
2224	6884
2225	6890
2226	6896
2227	6902
2228	6908
2229	6914
2230	6920
2231	6925
2232	6925
2233	6926
2234	6932
2235	6938
2236	6943
2237	6943
2238	6944
2239	6946
2240	6946
2241	6947
2242	6953
2243	6959
2244	6964
2245	6964
2246	6965
2247	6971
2248	6977
2249	6983
2250	6989
2251	6995
2252	6997
2253	6997
2254	6998
2255	7004
2256	7010
2257	7016
2258	7022
2259	7028
2260	7033
2261	7033
2262	7034
2263	7040
2264	7046
2265	7052
2266	7058
2267	7063
2268	7063
2269	7064
2270	7070
2271	7076
2272	7082
2273	7088
2274	7090
2275	7090
2276	7091
2277	7097
2278	7102
2279	7102
2280	7103
2281	7109
2282	7114
2283	7114
2284	7115
2285	7121
2286	7127
2287	7133
2288	7135
2289	7135
2290	7136
2291	7142
2292	7148
2293	7150
2294	7150
2295	7151
2296	7154
2297	7154
2298	7155
2299	7158
2300	7159
2301	7158
2302	7159
2303	7160
2304	7162
2305	7162
2306	7163
2307	7169
2308	7175
2309	7181
2310	7183
2311	7183
2312	7184
2313	7190
2314	7196
2315	7201
2316	7201
2317	7202
2318	7204
2319	7204
2320	7205
2321	7211
2322	7217
2323	7223
2324	7229
2325	7235
2326	7240
2327	7240
2328	7241
2329	7247
2330	7253
2331	7259
2332	7264
2333	7264
2334	7265
2335	7271
2336	7277
2337	7278
2338	7278
2339	7279
2340	7282
2341	7282
2342	7283
2343	7289
2344	7295
2345	7301
2346	7307
2347	7310
2348	7310
2349	7311
2350	7317
2351	7323
2352	7324
2353	7324
2354	7325
2355	7331
2356	7337
2357	7343
2358	7349
2359	7355
2360	7361
2361	7367
2362	7373
2363	7379
2364	7385
2365	7391
2366	7397
2367	7397
2368	7398
2369	7402
2370	7402
2371	7403
2372	7408
2373	7408
2374	7409
2375	7415
2376	7421
2377	7427
2378	7432
2379	7432
2380	7433
2381	7439
2382	7445
2383	7451
2384	7457
2385	7463
2386	7469
2387	7475
2388	7481
2389	7487
2390	7493
2391	7498
2392	7498
2393	7499
2394	7505
2395	7511
2396	7517
2397	7523
2398	7529
2399	7529
2400	7530
2401	7536
2402	7542
2403	7548
2404	7554
2405	7560
2406	7566
2407	7572
2408	7578
2409	7584
2410	7590
2411	7596
2412	7602
2413	7606
2414	7606
2415	7607
2416	7613
2417	7617
2418	7617
2419	7618
2420	7624
2421	7629
2422	7629
2423	7630
2424	7636
2425	7642
2426	7648
2427	7654
2428	7656
2429	7656
2430	7657
2431	7658
2432	7658
2433	7659
2434	7665
2435	7665
2436	7666
2437	7672
2438	7672
2439	7673
2440	7679
2441	7685
2442	7686
2443	7686
2444	7687
2445	7693
2446	7699
2447	7705
2448	7705
2449	7706
2450	7710
2451	7710
2452	7711
2453	7713
2454	7713
2455	7714
2456	7720
2457	7726
2458	7732
2459	7738
2460	7744
2461	7749
2462	7749
2463	7750
2464	7754
2465	7754
2466	7755
2467	7761
2468	7767
2469	7770
2470	7770
2471	7771
2472	7777
2473	7779
2474	7779
2475	7780
2476	7782
2477	7782
2478	7783
2479	7789
2480	7795
2481	7797
2482	7797
2483	7798
2484	7804
2485	7810
2486	7813
2487	7813
2488	7814
2489	7818
2490	7818
2491	7818
2492	7819
2493	7825
2494	7827
2495	7827
2496	7828
2497	7834
2498	7836
2499	7836
2500	7837
2501	7843
2502	7849
2503	7855
2504	7860
2505	7860
2506	7861
2507	7867
2508	7869
2509	7869
2510	7870
2511	7875
2512	7876
2513	7875
2514	7876
2515	7877
2516	7883
2517	7889
2518	7893
2519	7893
2520	7894
2521	7899
2522	7899
2523	7900
2524	7905
2525	7905
2526	7906
2527	7912
2528	7918
2529	7920
2530	7920
2531	7921
2532	7927
2533	7933
2534	7939
2535	7945
2536	7951
2537	7957
2538	7963
2539	7969
2540	7969
2541	7970
2542	7976
2543	7980
2544	7980
2545	7981
2546	7983
2547	7983
2548	7984
2549	7990
2550	7996
2551	8002
2552	8008
2553	8013
2554	8013
2555	8014
2556	8016
2557	8016
2558	8017
2559	8023
2560	8028
2561	8028
2562	8029
2563	8029
2564	8030
2565	8035
2566	8035
2567	8036
2568	8042
2569	8048
2570	8054
2571	8060
2572	8066
2573	8072
2574	8073
2575	8073
2576	8074
2577	8080
2578	8086
2579	8092
2580	8097
2581	8097
2582	8098
2583	8101
2584	8101
2585	8102
2586	8108
2587	8112
2588	8112
2589	8113
2590	8119
2591	8121
2592	8121
2593	8122
2594	8128
2595	8134
2596	8140
2597	8145
2598	8145
2599	8146
2600	8148
2601	8148
2602	8149
2603	8151
2604	8151
2605	8152
2606	8158
2607	8160
2608	8160
2609	8161
2610	8163
2611	8163
2612	8164
2613	8166
2614	8166
2615	8167
2616	8173
2617	8175
2618	8175
2619	8176
2620	8182
2621	8188
2622	8194
2623	8196
2624	8196
2625	8197
2626	8203
2627	8208
2628	8208
2629	8209
2630	8211
2631	8211
2632	8212
2633	8214
2634	8214
2635	8215
2636	8221
2637	8227
2638	8233
2639	8239
2640	8245
2641	8251
2642	8256
2643	8256
2644	8257
2645	8259
2646	8259
2647	8260
2648	8266
2649	8268
2650	8268
2651	8269
2652	8275
2653	8279
2654	8280
2655	8279
2656	8280
2657	8281
2658	8284
2659	8284
2660	8284
2661	8284
2662	8286
2663	8288
2664	8293
2665	8294
2666	8300
2667	8301
2668	8301
2669	8302
2670	8308
2671	8314
2672	8320
2673	8326
2674	8332
2675	8338
2676	8344
2677	8350
2678	8356
2679	8362
2680	8368
2681	8374
2682	8374
2683	8375
2684	8381
2685	8387
2686	8393
2687	8395
2688	8395
2689	8396
2690	8401
2691	8401
2692	8401
2693	8402
2694	8407
2695	8407
2696	8408
2697	8412
2698	8412
2699	8412
2700	8413
2701	8413
2702	8414
2703	8415
2704	8415
2705	8416
2706	8420
2707	8421
2708	8421
2709	8422
2710	8423
2711	8423
2712	8424
2713	8430
2714	8436
2715	8437
2716	8437
2717	8438
2718	8444
2719	8450
2720	8456
2721	8462
2722	8464
2723	8464
2724	8465
2725	8468
2726	8468
2727	8469
2728	8470
2729	8470
2730	8471
2731	8472
2732	8472
2733	8473
2734	8476
2735	8477
2736	8476
2737	8477
2738	8477
2739	8478
2740	8482
2741	8482
2742	8483
2743	8489
2744	8495
2745	8497
2746	8497
2747	8498
2748	8504
2749	8510
2750	8512
2751	8512
2752	8513
2753	8515
2754	8515
2755	8516
2756	8522
2757	8528
2758	8530
2759	8530
2760	8531
2761	8536
2762	8536
2763	8537
2764	8543
2765	8549
2766	8554
2767	8554
2768	8555
2769	8561
2770	8566
2771	8566
2772	8567
2773	8572
2774	8572
2775	8573
2776	8575
2777	8575
2778	8576
2779	8576
2780	8577
2781	8581
2782	8581
2783	8582
2784	8588
2785	8591
2786	8591
2787	8592
2788	8593
2789	8593
2790	8594
2791	8600
2792	8606
2793	8607
2794	8607
2795	8608
2796	8614
2797	8620
2798	8625
2799	8625
2800	8626
2801	8627
2802	8627
2803	8628
2804	8634
2805	8640
2806	8646
2807	8652
2808	8658
2809	8659
2810	8659
2811	8660
2812	8662
2813	8663
2814	8662
2815	8663
2816	8664
2817	8664
2818	8665
2819	8668
2820	8668
2821	8669
2822	8675
2823	8681
2824	8686
2825	8686
2826	8687
2827	8693
2828	8693
2829	8694
2830	8700
2831	8706
2832	8706
2833	8707
2834	8710
2835	8710
2836	8711
2837	8714
2838	8714
2839	8715
2840	8721
2841	8727
2842	8727
2843	8727
2844	8728
2845	8734
2846	8735
2847	8735
2848	8735
2849	8735
2850	8735
2851	8741
2852	8747
2853	8753
2854	8759
2855	8763
2856	8763
2857	8764
2858	8770
2859	8773
2860	8773
2861	8774
2862	8780
2863	8781
2864	8781
2865	8782
2866	8788
2867	8793
2868	8793
2869	8794
2870	8799
2871	8799
2872	8800
2873	8803
2874	8803
2875	8804
2876	8810
2877	8816
2878	8822
2879	8828
2880	8834
2881	8838
2882	8838
2883	8839
2884	8845
2885	8849
2886	8849
2887	8850
2888	8856
2889	8862
2890	8865
2891	8865
2892	8866
2893	8869
2894	8869
2895	8870
2896	8871
2897	8871
2898	8872
2899	8874
2900	8874
2901	8875
2902	8881
2903	8887
2904	8893
2905	8895
2906	8895
2907	8896
2908	8902
2909	8908
2910	8914
2911	8915
2912	8915
2913	8916
2914	8922
2915	8928
2916	8934
2917	8940
2918	8941
2919	8941
2920	8942
2921	8946
2922	8946
2923	8947
2924	8952
2925	8952
2926	8952
2927	8953
2928	8959
2929	8965
2930	8971
2931	8973
2932	8973
2933	8974
2934	8980
2935	8986
2936	8992
2937	8995
2938	8995
2939	8996
2940	9002
2941	9003
2942	9003
2943	9004
2944	9010
2945	9016
2946	9022
2947	9028
2948	9034
2949	9036
2950	9036
2951	9037
2952	9043
2953	9049
2954	9051
2955	9051
2956	9052
2957	9058
2958	9062
2959	9062
2960	9063
2961	9064
2962	9064
2963	9065
2964	9069
2965	9069
2966	9070
2967	9076
2968	9081
2969	9081
2970	9082
2971	9084
2972	9084
2973	9085
2974	9089
2975	9089
2976	9090
2977	9091
2978	9091
2979	9092
2980	9096
2981	9096
2982	9096
2983	9097
2984	9097
2985	9098
2986	9099
2987	9099
2988	9100
2989	9104
2990	9110
2991	9116
2992	9122
2993	9125
2994	9125
2995	9126
2996	9132
2997	9138
2998	9144
2999	9149
3000	9149
3001	9150
3002	9156
3003	9162
3004	9168
3005	9174
3006	9177
3007	9177
3008	9178
3009	9184
3010	9190
3011	9196
3012	9201
3013	9201
3014	9202
3015	9208
3016	9214
3017	9220
3018	9226
3019	9227
3020	9227
3021	9228
3022	9230
3023	9230
3024	9231
3025	9237
3026	9243
3027	9249
3028	9251
3029	9251
3030	9252
3031	9258
3032	9263
3033	9263
3034	9264
3035	9270
3036	9276
3037	9282
3038	9288
3039	9294
3040	9300
3041	9306
3042	9312
3043	9314
3044	9314
3045	9315
3046	9321
3047	9327
3048	9333
3049	9334
3050	9334
3051	9335
3052	9337
3053	9337
3054	9337
3055	9337
3056	9337
3057	9338
3058	9338
3059	9338
3060	9339
3061	9341
3062	9341
3063	9342
3064	9345
3065	9346
3066	9345
3067	9346
3068	9347
3069	9353
3070	9354
3071	9354
3072	9355
3073	9356
3074	9356
3075	9357
3076	9358
3077	9364
3078	9364
3079	9365
3080	9371
3081	9377
3082	9383
3083	9389
3084	9389
3085	9390
3086	9395
3087	9395
3088	9396
3089	9402
3090	9408
3091	9414
3092	9419
3093	9419
3094	9420
3095	9426
3096	9432
3097	9438
3098	9443
3099	9443
3100	9444
3101	9447
3102	9447
3103	9448
3104	9452
3105	9452
3106	9453
3107	9458
3108	9458
3109	9459
3110	9461
3111	9461
3112	9462
3113	9465
3114	9465
3115	9466
3116	9472
3117	9478
3118	9478
3119	9479
3120	9485
3121	9491
3122	9497
3123	9497
3124	9498
3125	9504
3126	9510
3127	9516
3128	9518
3129	9518
3130	9519
3131	9525
3132	9531
3133	9536
3134	9536
3135	9536
3136	9537
3137	9539
3138	9539
3139	9540
3140	9545
3141	9545
3142	9545
3143	9545
3144	9545
3145	9546
3146	9549
3147	9549
3148	9550
3149	9556
3150	9561
3151	9567
3152	9573
3153	9575
3154	9575
3155	9576
3156	9582
3157	9584
3158	9584
3159	9585
3160	9591
3161	9597
3162	9603
3163	9609
3164	9615
3165	9621
3166	9626
3167	9626
3168	9627
3169	9633
3170	9638
3171	9638
3172	9638
3173	9639
3174	9645
3175	9651
3176	9653
3177	9653
3178	9654
3179	9656
3180	9656
3181	9657
3182	9663
3183	9669
3184	9675
3185	9681
3186	9687
3187	9691
3188	9691
3189	9692
3190	9698
3191	9704
3192	9707
3193	9707
3194	9708
3195	9714
3196	9720
3197	9725
3198	9725
3199	9726
3200	9732
3201	9738
3202	9744
3203	9747
3204	9747
3205	9748
3206	9754
3207	9760
3208	9764
3209	9764
3210	9765
3211	9767
3212	9767
3213	9768
3214	9774
3215	9780
3216	9785
3217	9785
3218	9786
3219	9792
3220	9798
3221	9804
3222	9806
3223	9806
3224	9807
3225	9813
3226	9818
3227	9818
3228	9819
3229	9824
3230	9824
3231	9825
3232	9827
3233	9827
3234	9828
3235	9834
3236	9840
3237	9846
3238	9848
3239	9848
3240	9849
3241	9855
3242	9861
3243	9864
3244	9864
3245	9865
3246	9871
3247	9877
3248	9878
3249	9878
3250	9879
3251	9885
3252	9890
3253	9890
3254	9891
3255	9893
3256	9893
3257	9894
3258	9900
3259	9906
3260	9908
3261	9908
3262	9909
3263	9915
3264	9921
3265	9927
3266	9933
3267	9939
3268	9941
3269	9941
3270	9942
3271	9947
3272	9947
3273	9948
3274	9954
3275	9956
3276	9956
3277	9957
3278	9959
3279	9959
3280	9960
3281	9966
3282	9972
3283	9975
3284	9975
3285	9976
3286	9982
3287	9988
3288	9994
3289	10000
3290	10006
3291	10012
3292	10018
3293	10024
3294	10030
3295	10036
3296	10042
3297	10043
3298	10043
3299	10044
3300	10050
3301	10053
3302	10053
3303	10054
3304	10060
3305	10066
3306	10072
3307	10078
3308	10084
3309	10090
3310	10093
3311	10093
3312	10094
3313	10095
3314	10095
3315	10096
3316	10102
3317	10106
3318	10106
3319	10107
3320	10110
3321	10110
3322	10110
3323	10111
3324	10117
3325	10123
3326	10124
3327	10124
3328	10125
3329	10131
3330	10137
3331	10143
3332	10149
3333	10151
3334	10151
3335	10152
3336	10158
3337	10160
3338	10160
3339	10161
3340	10167
3341	10173
3342	10179
3343	10181
3344	10181
3345	10182
3346	10188
3347	10194
3348	10200
3349	10205
3350	10205
3351	10206
3352	10212
3353	10218
3354	10224
3355	10229
3356	10229
3357	10230
3358	10232
3359	10232
3360	10233
3361	10239
3362	10241
3363	10241
3364	10242
3365	10247
3366	10247
3367	10248
3368	10254
3369	10260
3370	10265
3371	10265
3372	10266
3373	10272
3374	10278
3375	10283
3376	10283
3377	10284
3378	10290
3379	10290
3380	10291
3381	10297
3382	10298
3383	10298
3384	10299
3385	10305
3386	10311
3387	10316
3388	10316
3389	10317
3390	10319
3391	10319
3392	10320
3393	10326
3394	10332
3395	10333
3396	10333
3397	10334
3398	10340
3399	10346
3400	10352
3401	10358
3402	10364
3403	10370
3404	10376
3405	10382
3406	10382
3407	10383
3408	10389
3409	10394
3410	10394
3411	10394
3412	10395
3413	10398
3414	10404
3415	10406
3416	10407
3417	10406
3418	10406
3419	10408
3420	10409
3421	10409
3422	10410
3423	10416
3424	10422
3425	10428
3426	10434
3427	10440
3428	10446
3429	10452
3430	10458
3431	10464
3432	10470
3433	10472
3434	10472
3435	10473
3436	10479
3437	10485
3438	10491
3439	10497
3440	10502
3441	10502
3442	10503
3443	10509
3444	10515
3445	10521
3446	10527
3447	10533
3448	10539
3449	10541
3450	10541
3451	10542
3452	10544
3453	10544
3454	10545
3455	10551
3456	10556
3457	10556
3458	10557
3459	10559
3460	10559
3461	10560
3462	10566
3463	10572
3464	10578
3465	10584
3466	10590
3467	10595
3468	10595
3469	10596
3470	10598
3471	10598
3472	10599
3473	10605
3474	10611
3475	10617
3476	10623
3477	10629
3478	10635
3479	10641
3480	10647
3481	10653
3482	10659
3483	10665
3484	10671
3485	10673
3486	10673
3487	10674
3488	10679
3489	10679
3490	10680
3491	10686
3492	10692
3493	10694
3494	10694
3495	10695
3496	10697
3497	10697
3498	10698
3499	10704
3500	10710
3501	10716
3502	10722
3503	10728
3504	10734
3505	10740
3506	10746
3507	10751
3508	10751
3509	10752
3510	10758
3511	10759
3512	10759
3513	10760
3514	10766
3515	10772
3516	10778
3517	10784
3518	10789
3519	10789
3520	10790
3521	10792
3522	10792
3523	10793
3524	10795
3525	10795
3526	10796
3527	10799
3528	10799
3529	10800
3530	10806
3531	10812
3532	10818
3533	10819
3534	10819
3535	10820
3536	10826
3537	10828
3538	10828
3539	10829
3540	10835
3541	10841
3542	10843
3543	10843
3544	10844
3545	10846
3546	10846
3547	10847
3548	10853
3549	10859
3550	10865
3551	10871
3552	10877
3553	10882
3554	10882
3555	10883
3556	10885
3557	10885
3558	10886
3559	10892
3560	10898
3561	10904
3562	10910
3563	10916
3564	10917
3565	10917
3566	10918
3567	10924
3568	10924
3569	10925
3570	10931
3571	10937
3572	10939
3573	10939
3574	10940
3575	10946
3576	10952
3577	10958
3578	10964
3579	10970
3580	10975
3581	10975
3582	10976
3583	10978
3584	10978
3585	10979
3586	10985
3587	10987
3588	10987
3589	10988
3590	10994
3591	11000
3592	11006
3593	11011
3594	11011
3595	11012
3596	11018
3597	11024
3598	11025
3599	11025
3600	11026
3601	11032
3602	11034
3603	11034
3604	11035
3605	11041
3606	11047
3607	11053
3608	11059
3609	11065
3610	11070
3611	11070
3612	11071
3613	11074
3614	11074
3615	11075
3616	11080
3617	11080
3618	11081
3619	11083
3620	11084
3621	11083
3622	11084
3623	11085
3624	11091
3625	11097
3626	11103
3627	11109
3628	11111
3629	11111
3630	11112
3631	11118
3632	11124
3633	11125
3634	11125
3635	11126
3636	11132
3637	11137
3638	11137
3639	11138
3640	11144
3641	11150
3642	11156
3643	11156
3644	11157
3645	11159
3646	11159
3647	11160
3648	11160
3649	11161
3650	11167
3651	11173
3652	11179
3653	11185
3654	11185
3655	11186
3656	11192
3657	11195
3658	11195
3659	11196
3660	11202
3661	11208
3662	11214
3663	11220
3664	11224
3665	11224
3666	11225
3667	11231
3668	11237
3669	11242
3670	11242
3671	11243
3672	11249
3673	11255
3674	11260
3675	11260
3676	11261
3677	11267
3678	11273
3679	11279
3680	11279
3681	11280
3682	11286
3683	11292
3684	11298
3685	11304
3686	11308
3687	11308
3688	11309
3689	11315
3690	11321
3691	11323
3692	11323
3693	11324
3694	11330
3695	11336
3696	11341
3697	11341
3698	11342
3699	11348
3700	11348
3701	11349
3702	11355
3703	11361
3704	11367
3705	11373
3706	11379
3707	11385
3708	11391
3709	11392
3710	11392
3711	11393
3712	11395
3713	11395
3714	11396
3715	11402
3716	11408
3717	11413
3718	11413
3719	11414
3720	11420
3721	11426
3722	11428
3723	11428
3724	11429
3725	11435
3726	11441
3727	11447
3728	11449
3729	11449
3730	11450
3731	11456
3732	11462
3733	11467
3734	11467
3735	11468
3736	11474
3737	11476
3738	11476
3739	11477
3740	11483
3741	11489
3742	11491
3743	11491
3744	11492
3745	11498
3746	11504
3747	11510
3748	11512
3749	11512
3750	11513
3751	11519
3752	11525
3753	11531
3754	11536
3755	11536
3756	11537
3757	11543
3758	11545
3759	11545
3760	11546
3761	11552
3762	11558
3763	11558
3764	11559
3765	11560
3766	11560
3767	11561
3768	11567
3769	11569
3770	11569
3771	11570
3772	11576
3773	11582
3774	11588
3775	11590
3776	11590
3777	11591
3778	11597
3779	11599
3780	11599
3781	11600
3782	11606
3783	11612
3784	11618
3785	11624
3786	11626
3787	11626
3788	11627
3789	11632
3790	11632
3791	11633
3792	11639
3793	11645
3794	11650
3795	11650
3796	11651
3797	11657
3798	11662
3799	11662
3800	11663
3801	11669
3802	11675
3803	11681
3804	11683
3805	11683
3806	11684
3807	11690
3808	11696
3809	11702
3810	11708
3811	11710
3812	11710
3813	11711
3814	11717
3815	11723
3816	11728
3817	11728
3818	11729
3819	11735
3820	11741
3821	11747
3822	11752
3823	11752
3824	11753
3825	11759
3826	11765
3827	11770
3828	11770
3829	11771
3830	11777
3831	11779
3832	11779
3833	11780
3834	11786
3835	11792
3836	11798
3837	11804
3838	11810
3839	11816
3840	11822
3841	11828
3842	11833
3843	11833
3844	11834
3845	11840
3846	11846
3847	11852
3848	11858
3849	11863
3850	11863
3851	11864
3852	11870
3853	11873
3854	11873
3855	11874
3856	11880
3857	11886
3858	11890
3859	11890
3860	11891
3861	11896
3862	11896
3863	11897
3864	11903
3865	11909
3866	11911
3867	11911
3868	11912
3869	11918
3870	11923
3871	11923
3872	11924
3873	11930
3874	11936
3875	11942
3876	11944
3877	11944
3878	11945
3879	11951
3880	11953
3881	11953
3882	11954
3883	11956
3884	11956
3885	11957
3886	11959
3887	11959
3888	11960
3889	11966
3890	11972
3891	11978
3892	11978
3893	11979
3894	11985
3895	11986
3896	11986
3897	11987
3898	11992
3899	11992
3900	11993
3901	11999
3902	12005
3903	12010
3904	12010
3905	12011
3906	12016
3907	12016
3908	12017
3909	12020
3910	12020
3911	12021
3912	12027
3913	12033
3914	12039
3915	12045
3916	12051
3917	12057
3918	12063
3919	12069
3920	12070
3921	12070
3922	12071
3923	12073
3924	12073
3925	12074
3926	12079
3927	12079
3928	12080
3929	12086
3930	12092
3931	12098
3932	12104
3933	12110
3934	12116
3935	12122
3936	12128
3937	12130
3938	12130
3939	12131
3940	12137
3941	12143
3942	12149
3943	12155
3944	12161
3945	12167
3946	12173
3947	12179
3948	12181
3949	12181
3950	12182
3951	12188
3952	12194
3953	12197
3954	12198
3955	12197
3956	12198
3957	12199
3958	12202
3959	12202
3960	12203
3961	12209
3962	12215
3963	12221
3964	12224
3965	12224
3966	12225
3967	12231
3968	12237
3969	12243
3970	12245
3971	12245
3972	12246
3973	12252
3974	12258
3975	12264
3976	12270
3977	12276
3978	12282
3979	12288
3980	12294
3981	12300
3982	12306
3983	12312
3984	12317
3985	12317
3986	12318
3987	12320
3988	12320
3989	12321
3990	12327
3991	12333
3992	12339
3993	12345
3994	12347
3995	12347
3996	12348
3997	12354
3998	12355
3999	12355
4000	12356
4001	12360
4002	12360
4003	12361
4004	12363
4005	12363
4006	12364
4007	12367
4008	12367
4009	12368
4010	12370
4011	12370
4012	12371
4013	12375
4014	12375
4015	12376
4016	12381
4017	12381
4018	12382
4019	12382
4020	12383
4021	12384
4022	12384
4023	12385
4024	12391
4025	12397
4026	12403
4027	12409
4028	12415
4029	12415
4030	12416
4031	12422
4032	12423
4033	12423
4034	12424
4035	12429
4036	12429
4037	12430
4038	12434
4039	12434
4040	12435
4041	12441
4042	12441
4043	12442
4044	12447
4045	12447
4046	12448
4047	12454
4048	12460
4049	12466
4050	12472
4051	12478
4052	12483
4053	12483
4054	12484
4055	12486
4056	12486
4057	12487
4058	12493
4059	12499
4060	12505
4061	12510
4062	12510
4063	12511
4064	12517
4065	12523
4066	12528
4067	12528
4068	12529
4069	12535
4070	12537
4071	12537
4072	12538
4073	12544
4074	12550
4075	12555
4076	12555
4077	12556
4078	12562
4079	12568
4080	12570
4081	12570
4082	12571
4083	12577
4084	12579
4085	12579
4086	12580
4087	12586
4088	12592
4089	12598
4090	12604
4091	12610
4092	12616
4093	12618
4094	12618
4095	12619
4096	12621
4097	12621
4098	12622
4099	12628
4100	12634
4101	12639
4102	12639
4103	12640
4104	12642
4105	12642
4106	12643
4107	12643
4108	12644
4109	12650
4110	12656
4111	12662
4112	12663
4113	12663
4114	12664
4115	12670
4116	12676
4117	12682
4118	12688
4119	12693
4120	12693
4121	12694
4122	12700
4123	12702
4124	12702
4125	12703
4126	12708
4127	12708
4128	12709
4129	12714
4130	12714
4131	12715
4132	12721
4133	12723
4134	12723
4135	12724
4136	12729
4137	12729
4138	12730
4139	12736
4140	12742
4141	12748
4142	12754
4143	12760
4144	12765
4145	12765
4146	12766
4147	12772
4148	12778
4149	12780
4150	12780
4151	12781
4152	12787
4153	12793
4154	12799
4155	12805
4156	12810
4157	12810
4158	12811
4159	12817
4160	12819
4161	12819
4162	12820
4163	12825
4164	12825
4165	12826
4166	12832
4167	12838
4168	12844
4169	12850
4170	12856
4171	12862
4172	12868
4173	12874
4174	12880
4175	12886
4176	12888
4177	12888
4178	12889
4179	12895
4180	12901
4181	12907
4182	12913
4183	12919
4184	12925
4185	12930
4186	12930
4187	12931
4188	12937
4189	12943
4190	12949
4191	12949
4192	12950
4193	12956
4194	12959
4195	12959
4196	12960
4197	12966
4198	12972
4199	12978
4200	12984
4201	12990
4202	12996
4203	13002
4204	13008
4205	13014
4206	13020
4207	13024
4208	13024
4209	13025
4210	13029
4211	13029
4212	13030
4213	13032
4214	13032
4215	13033
4216	13039
4217	13045
4218	13051
4219	13057
4220	13063
4221	13069
4222	13071
4223	13071
4224	13072
4225	13078
4226	13084
4227	13090
4228	13096
4229	13102
4230	13104
4231	13104
4232	13105
4233	13111
4234	13114
4235	13114
4236	13115
4237	13121
4238	13127
4239	13133
4240	13139
4241	13145
4242	13151
4243	13157
4244	13163
4245	13169
4246	13175
4247	13181
4248	13187
4249	13193
4250	13197
4251	13197
4252	13198
4253	13203
4254	13203
4255	13204
4256	13210
4257	13216
4258	13222
4259	13228
4260	13234
4261	13240
4262	13246
4263	13252
4264	13258
4265	13263
4266	13263
4267	13264
4268	13270
4269	13272
4270	13272
4271	13273
4272	13278
4273	13278
4274	13279
4275	13285
4276	13285
4277	13286
4278	13292
4279	13298
4280	13304
4281	13310
4282	13316
4283	13322
4284	13328
4285	13334
4286	13340
4287	13346
4288	13352
4289	13358
4290	13364
4291	13368
4292	13368
4293	13369
4294	13375
4295	13377
4296	13377
4297	13378
4298	13384
4299	13390
4300	13395
4301	13395
4302	13396
4303	13402
4304	13408
4305	13410
4306	13410
4307	13411
4308	13417
4309	13423
4310	13429
4311	13435
4312	13441
4313	13443
4314	13443
4315	13444
4316	13446
4317	13446
4318	13447
4319	13453
4320	13459
4321	13461
4322	13461
4323	13462
4324	13468
4325	13474
4326	13479
4327	13479
4328	13480
4329	13486
4330	13492
4331	13494
4332	13494
4333	13495
4334	13497
4335	13497
4336	13498
4337	13504
4338	13509
4339	13509
4340	13510
4341	13515
4342	13515
4343	13516
4344	13522
4345	13528
4346	13534
4347	13537
4348	13537
4349	13538
4350	13544
4351	13550
4352	13551
4353	13551
4354	13552
4355	13558
4356	13564
4357	13570
4358	13572
4359	13572
4360	13573
4361	13574
4362	13574
4363	13575
4364	13578
4365	13578
4366	13579
4367	13585
4368	13591
4369	13597
4370	13599
4371	13599
4372	13600
4373	13606
4374	13612
4375	13618
4376	13624
4377	13630
4378	13635
4379	13635
4380	13636
4381	13638
4382	13638
4383	13639
4384	13644
4385	13644
4386	13645
4387	13651
4388	13657
4389	13659
4390	13659
4391	13660
4392	13660
4393	13661
4394	13665
4395	13665
4396	13666
4397	13672
4398	13678
4399	13684
4400	13689
4401	13689
4402	13690
4403	13689
4404	13691
4405	13697
4406	13703
4407	13709
4408	13715
4409	13716
4410	13716
4411	13717
4412	13717
4413	13718
4414	13719
4415	13719
4416	13720
4417	13726
4418	13731
4419	13731
4420	13732
4421	13738
4422	13744
4423	13750
4424	13756
4425	13762
4426	13768
4427	13768
4428	13769
4429	13771
4430	13771
4431	13772
4432	13778
4433	13784
4434	13789
4435	13789
4436	13790
4437	13796
4438	13798
4439	13798
4440	13799
4441	13799
4442	13800
4443	13806
4444	13810
4445	13810
4446	13811
4447	13812
4448	13812
4449	13813
4450	13815
4451	13815
4452	13816
4453	13822
4454	13828
4455	13834
4456	13836
4457	13836
4458	13837
4459	13839
4460	13839
4461	13840
4462	13846
4463	13852
4464	13858
4465	13864
4466	13870
4467	13876
4468	13882
4469	13888
4470	13888
4471	13888
4472	13889
4473	13893
4474	13893
4475	13894
4476	13895
4477	13895
4478	13896
4479	13898
4480	13898
4481	13899
4482	13905
4483	13905
4484	13906
4485	13912
4486	13918
4487	13923
4488	13923
4489	13924
4490	13930
4491	13932
4492	13932
4493	13933
4494	13937
4495	13937
4496	13937
4497	13938
4498	13943
4499	13943
4500	13944
4501	13950
4502	13956
4503	13962
4504	13968
4505	13974
4506	13975
4507	13975
4508	13976
4509	13977
4510	13977
4511	13978
4512	13984
4513	13990
4514	13996
4515	14002
4516	14008
4517	14009
4518	14009
4519	14010
4520	14016
4521	14016
4522	14016
4523	14017
4524	14023
4525	14025
4526	14025
4527	14026
4528	14029
4529	14029
4530	14030
4531	14034
4532	14034
4533	14035
4534	14041
4535	14043
4536	14043
4537	14044
4538	14049
4539	14049
4540	14050
4541	14056
4542	14062
4543	14062
4544	14063
4545	14069
4546	14071
4547	14071
4548	14072
4549	14072
4550	14073
4551	14079
4552	14082
4553	14082
4554	14083
4555	14089
4556	14095
4557	14097
4558	14097
4559	14098
4560	14104
4561	14110
4562	14116
4563	14119
4564	14119
4565	14120
4566	14126
4567	14132
4568	14138
4569	14142
4570	14142
4571	14143
4572	14149
4573	14153
4574	14153
4575	14154
4576	14160
4577	14161
4578	14161
4579	14162
4580	14168
4581	14174
4582	14176
4583	14176
4584	14177
4585	14183
4586	14187
4587	14187
4588	14188
4589	14188
4590	14189
4591	14195
4592	14201
4593	14207
4594	14213
4595	14219
4596	14221
4597	14221
4598	14222
4599	14224
4600	14224
4601	14225
4602	14230
4603	14230
4604	14231
4605	14237
4606	14242
4607	14242
4608	14243
4609	14248
4610	14248
4611	14249
4612	14255
4613	14261
4614	14267
4615	14273
4616	14279
4617	14285
4618	14291
4619	14293
4620	14293
4621	14294
4622	14300
4623	14305
4624	14305
4625	14306
4626	14312
4627	14314
4628	14314
4629	14315
4630	14317
4631	14317
4632	14318
4633	14320
4634	14320
4635	14321
4636	14327
4637	14332
4638	14332
4639	14333
4640	14339
4641	14345
4642	14351
4643	14357
4644	14363
4645	14369
4646	14375
4647	14380
4648	14380
4649	14381
4650	14387
4651	14393
4652	14393
4653	14394
4654	14400
4655	14406
4656	14412
4657	14418
4658	14418
4659	14419
4660	14419
4661	14420
4662	14426
4663	14426
4664	14427
4665	14433
4666	14439
4667	14440
4668	14440
4669	14441
4670	14447
4671	14453
4672	14455
4673	14455
4674	14456
4675	14462
4676	14467
4677	14467
4678	14468
4679	14474
4680	14479
4681	14479
4682	14480
4683	14485
4684	14485
4685	14486
4686	14492
4687	14498
4688	14503
4689	14503
4690	14504
4691	14510
4692	14511
4693	14511
4694	14512
4695	14518
4696	14524
4697	14530
4698	14536
4699	14542
4700	14548
4701	14554
4702	14560
4703	14566
4704	14569
4705	14569
4706	14570
4707	14575
4708	14575
4709	14576
4710	14578
4711	14578
4712	14579
4713	14585
4714	14586
4715	14586
4716	14587
4717	14590
4718	14590
4719	14591
4720	14596
4721	14596
4722	14597
4723	14603
4724	14609
4725	14614
4726	14614
4727	14614
4728	14615
4729	14621
4730	14623
4731	14623
4732	14624
4733	14629
4734	14629
4735	14630
4736	14636
4737	14642
4738	14643
4739	14643
4740	14644
4741	14650
4742	14656
4743	14662
4744	14668
4745	14671
4746	14671
4747	14672
4748	14677
4749	14677
4750	14678
4751	14684
4752	14690
4753	14696
4754	14702
4755	14702
4756	14703
4757	14709
4758	14715
4759	14721
4760	14727
4761	14733
4762	14739
4763	14745
4764	14751
4765	14757
4766	14763
4767	14766
4768	14766
4769	14767
4770	14773
4771	14775
4772	14775
4773	14776
4774	14778
4775	14779
4776	14778
4777	14779
4778	14780
4779	14786
4780	14792
4781	14792
4782	14793
4783	14797
4784	14797
4785	14798
4786	14800
4787	14800
4788	14801
4789	14802
4790	14802
4791	14803
4792	14807
4793	14807
4794	14808
4795	14809
4796	14809
4797	14810
4798	14816
4799	14822
4800	14828
4801	14834
4802	14840
4803	14846
4804	14848
4805	14848
4806	14849
4807	14855
4808	14861
4809	14867
4810	14873
4811	14879
4812	14885
4813	14891
4814	14897
4815	14903
4816	14909
4817	14914
4818	14914
4819	14915
4820	14920
4821	14920
4822	14921
4823	14927
4824	14933
4825	14935
4826	14935
4827	14936
4828	14942
4829	14948
4830	14954
4831	14959
4832	14959
4833	14960
4834	14963
4835	14963
4836	14964
4837	14965
4838	14965
4839	14966
4840	14968
4841	14968
4842	14969
4843	14975
4844	14977
4845	14977
4846	14978
4847	14980
4848	14980
4849	14981
4850	14987
4851	14988
4852	14988
4853	14989
4854	14995
4855	14998
4856	14998
4857	14999
4858	15005
4859	15011
4860	15017
4861	15023
4862	15029
4863	15035
4864	15041
4865	15047
4866	15049
4867	15049
4868	15050
4869	15052
4870	15052
4871	15053
4872	15059
4873	15065
4874	15071
4875	15076
4876	15076
4877	15077
4878	15083
4879	15089
4880	15095
4881	15101
4882	15107
4883	15109
4884	15109
4885	15110
4886	15115
4887	15115
4888	15116
4889	15119
4890	15119
4891	15120
4892	15124
4893	15124
4894	15125
4895	15131
4896	15137
4897	15143
4898	15145
4899	15145
4900	15146
4901	15152
4902	15157
4903	15157
4904	15158
4905	15164
4906	15170
4907	15176
4908	15181
4909	15181
4910	15182
4911	15188
4912	15194
4913	15200
4914	15200
4915	15200
4916	15201
4917	15207
4918	15213
4919	15213
4920	15214
4921	15220
4922	15220
4923	15221
4924	15226
4925	15226
4926	15227
4927	15232
4928	15232
4929	15233
4930	15235
4931	15235
4932	15236
4933	15241
4934	15241
4935	15242
4936	15245
4937	15245
4938	15246
4939	15252
4940	15253
4941	15253
4942	15254
4943	15259
4944	15259
4945	15260
4946	15266
4947	15271
4948	15271
4949	15272
4950	15278
4951	15284
4952	15290
4953	15296
4954	15298
4955	15298
4956	15299
4957	15304
4958	15304
4959	15305
4960	15309
4961	15310
4962	15309
4963	15310
4964	15311
4965	15317
4966	15320
4967	15320
4968	15321
4969	15321
4970	15322
4971	15323
4972	15323
4973	15324
4974	15326
4975	15326
4976	15327
4977	15332
4978	15332
4979	15333
4980	15335
4981	15335
4982	15336
4983	15342
4984	15348
4985	15354
4986	15355
4987	15355
4988	15356
4989	15362
4990	15364
4991	15364
4992	15365
4993	15367
4994	15367
4995	15368
4996	15374
4997	15380
4998	15386
4999	15392
5000	15398
5001	15404
5002	15410
5003	15412
5004	15412
5005	15413
5006	15419
5007	15421
5008	15421
5009	15421
5010	15422
5011	15428
5012	15434
5013	15440
5014	15440
5015	15441
5016	15447
5017	15451
5018	15452
5019	15451
5020	15452
5021	15453
5022	15458
5023	15458
5024	15459
5025	15461
5026	15461
5027	15462
5028	15468
5029	15469
5030	15470
5031	15469
5032	15470
5033	15471
5034	15475
5035	15475
5036	15476
5037	15482
5038	15484
5039	15484
5040	15485
5041	15488
5042	15488
5043	15489
5044	15495
5045	15496
5046	15496
5047	15497
5048	15499
5049	15499
5050	15500
5051	15506
5052	15506
5053	15507
5054	15508
5055	15508
5056	15509
5057	15515
5058	15517
5059	15517
5060	15518
5061	15523
5062	15523
5063	15524
5064	15530
5065	15536
5066	15542
5067	15548
5068	15554
5069	15556
5070	15556
5071	15557
5072	15562
5073	15562
5074	15563
5075	15569
5076	15571
5077	15571
5078	15572
5079	15578
5080	15584
5081	15590
5082	15595
5083	15595
5084	15596
5085	15602
5086	15605
5087	15605
5088	15606
5089	15612
5090	15616
5091	15616
5092	15617
5093	15623
5094	15626
5095	15626
5096	15627
5097	15633
5098	15638
5099	15638
5100	15639
5101	15645
5102	15649
5103	15649
5104	15650
5105	15652
5106	15652
5107	15653
5108	15658
5109	15658
5110	15659
5111	15665
5112	15671
5113	15671
5114	15672
5115	15672
5116	15674
5117	15676
5118	15676
5119	15677
5120	15677
5121	15678
5122	15679
5123	15680
5124	15679
5125	15680
5126	15681
5127	15687
5128	15693
5129	15699
5130	15702
5131	15702
5132	15703
5133	15709
5134	15715
5135	15721
5136	15727
5137	15733
5138	15739
5139	15745
5140	15751
5141	15751
5142	15752
5143	15758
5144	15764
5145	15770
5146	15775
5147	15775
5148	15776
5149	15782
5150	15788
5151	15793
5152	15793
5153	15794
5154	15798
5155	15798
5156	15799
5157	15805
5158	15811
5159	15817
5160	15823
5161	15829
5162	15833
5163	15833
5164	15834
5165	15840
5166	15846
5167	15852
5168	15858
5169	15859
5170	15859
5171	15860
5172	15860
5173	15861
5174	15861
5175	15862
5176	15868
5177	15869
5178	15869
5179	15870
5180	15876
5181	15882
5182	15888
5183	15892
5184	15892
5185	15893
5186	15893
5187	15893
5188	15894
5189	15894
5190	15895
5191	15901
5192	15907
5193	15909
5194	15909
5195	15910
5196	15913
5197	15913
5198	15914
5199	15920
5200	15926
5201	15932
5202	15933
5203	15933
5204	15934
5205	15936
5206	15936
5207	15937
5208	15937
5209	15938
5210	15939
5211	15939
5212	15940
5213	15946
5214	15949
5215	15950
5216	15949
5217	15950
5218	15951
5219	15951
5220	15952
5221	15954
5222	15954
5223	15955
5224	15961
5225	15967
5226	15973
5227	15979
5228	15985
5229	15991
5230	15997
5231	16003
5232	16009
5233	16015
5234	16021
5235	16026
5236	16026
5237	16027
5238	16033
5239	16039
5240	16045
5241	16046
5242	16046
5243	16047
5244	16053
5245	16057
5246	16057
5247	16058
5248	16060
5249	16060
5250	16061
5251	16067
5252	16072
5253	16072
5254	16073
5255	16078
5256	16079
5257	16078
5258	16079
5259	16080
5260	16080
5261	16081
5262	16084
5263	16084
5264	16085
5265	16088
5266	16088
5267	16089
5268	16090
5269	16090
5270	16091
5271	16092
5272	16092
5273	16093
5274	16095
5275	16095
5276	16095
5277	16096
5278	16102
5279	16102
5280	16102
5281	16103
5282	16109
5283	16115
5284	16120
5285	16120
5286	16120
5287	16121
5288	16123
5289	16123
5290	16124
5291	16130
5292	16133
5293	16133
5294	16134
5295	16135
5296	16135
5297	16136
5298	16138
5299	16138
5300	16138
5301	16139
5302	16143
5303	16143
5304	16144
5305	16148
5306	16148
5307	16149
5308	16149
5309	16150
5310	16153
5311	16153
5312	16154
5313	16157
5314	16157
5315	16157
5316	16158
5317	16163
5318	16163
5319	16164
5320	16165
5321	16165
5322	16166
5323	16171
5324	16172
5325	16163
5326	16163
5327	16163
5328	16172
5329	16163
5330	16173
5331	16175
5332	16175
5333	16176
5334	16178
5335	16178
5336	16179
5337	16180
5338	16181
5339	16182
5340	16180
5341	16182
5342	16183
5343	16189
5344	16189
5345	16190
5346	16191
5347	16192
5348	16192
5349	16192
5350	16191
5351	16190
5352	16192
5353	16193
5354	16193
5355	16194
5356	16195
5357	16196
5358	16195
5359	16196
5360	16197
5361	16197
5362	16198
5363	16199
5364	16197
5365	16198
5366	16198
5367	16194
5368	16194
5369	16200
5370	16194
5371	16204
5372	16210
5373	16213
5374	16213
5375	16214
5376	16216
5377	16216
5378	16217
5379	16219
5380	16219
5381	16219
5382	16220
5383	16222
5384	16223
5385	16222
5386	16223
5387	16224
5388	16224
5389	16225
5390	16225
5391	16226
5392	16227
5393	16228
5394	16227
5395	16228
5396	16229
5397	16229
5398	16230
5399	16231
5400	16231
5401	16232
5402	16233
5403	16233
5404	16234
5405	16233
5406	16235
5407	16240
5408	16240
5409	16241
5410	16240
5411	16241
5412	16242
5413	16244
5414	16244
5415	16245
5416	16245
5417	16246
5418	16249
5419	16249
5420	16250
5421	16251
5422	16252
5423	16251
5424	16252
5425	16253
5426	16253
5427	16254
5428	16255
5429	16254
5430	16255
5431	16256
5432	16257
5433	16257
5434	16258
5435	16259
5436	16259
5437	16260
5438	16264
5439	16264
5440	16264
5441	16265
5442	16266
5443	16265
5444	16266
5445	16267
5446	16266
5447	16267
5448	16268
5449	16269
5450	16268
5451	16269
5452	16270
5453	16269
5454	16270
5455	16271
5456	16272
5457	16271
5458	16271
5459	16272
5460	16273
5461	16273
5462	16273
5463	16274
5464	16275
5465	16275
5466	16276
5467	16275
5468	16277
5469	16277
5470	16278
5471	16281
5472	16281
5473	16281
5474	16282
5475	16285
5476	16285
5477	16285
5478	16286
5479	16289
5480	16289
5481	16289
5482	16290
5483	16295
5484	16295
5485	16296
5486	16298
5487	16298
5488	16299
5489	16301
5490	16302
5491	16301
5492	16302
5493	16303
5494	16304
5495	16303
5496	16304
5497	16305
5498	16304
5499	16305
5500	16306
5501	16306
5502	16307
5503	16309
5504	16309
5505	16310
5506	16309
5507	16311
5508	16311
5509	16312
5510	16313
5511	16313
5512	16314
5513	16315
5514	16314
5515	16315
5516	16315
5517	16316
5518	16320
5519	16320
5520	16321
5521	16322
5522	16322
5523	16323
5524	16327
5525	16327
5526	16328
5527	16329
5528	16330
5529	16329
5530	16329
5531	16330
5532	16331
5533	16331
5534	16331
5535	16332
5536	16336
5537	16336
5538	16337
5539	16338
5540	16338
5541	16339
5542	16345
5543	16346
5544	16346
5545	16347
5546	16353
5547	16354
5548	16355
5549	16354
5550	16355
5551	16355
5552	16356
5553	16362
5554	16366
5555	16366
5556	16367
5557	16366
5558	16366
5559	16368
5560	16371
5561	16371
5562	16372
5563	16373
5564	16373
5565	16374
5566	16379
5567	16379
5568	16380
5569	16386
5570	16392
5571	16398
5572	16398
5573	16399
5574	16401
5575	16401
5576	16402
5577	16401
5578	16402
5579	16403
5580	16409
5581	16410
5582	16411
5583	16410
5584	16411
5585	16412
5586	16418
5587	16424
5588	16430
5589	16436
5590	16442
5591	16448
5592	16454
5593	16460
5594	16466
5595	16472
5596	16474
5597	16474
5598	16475
5599	16477
5600	16477
5601	16478
5602	16484
5603	16490
5604	16496
5605	16498
5606	16498
5607	16499
5608	16505
5609	16508
5610	16508
5611	16509
5612	16515
5613	16521
5614	16527
5615	16530
5616	16530
5617	16530
5618	16531
5619	16537
5620	16538
5621	16538
5622	16539
5623	16545
5624	16547
5625	16549
5626	16555
5627	16561
5628	16567
5629	16573
5630	16575
5631	16576
5632	16582
5633	10473
5634	10473
5635	10473
5636	10473
5637	10473
5638	10473
5639	10473
5640	10473
5641	10473
5642	10473
5643	10473
5644	10473
5645	10473
5646	10473
5647	10473
5648	10473
5649	10473
5650	10473
5651	10473
5652	10473
5653	10473
5654	10473
5655	10473
5656	10473
5657	10473
5658	10473
5659	10473
5660	10473
5661	10473
5662	10473
5663	10473
5664	10473
5665	10473
5666	10473
5667	10473
5668	10473
5669	10473
5670	10473
5671	10473
5672	10473
5673	10473
5674	10473
5675	10473
5676	10473
5677	10473
5678	10473
5679	10473
5680	10473
5681	10473
5682	10473
5683	10473
5684	10473
5685	10473
5686	10473
5687	10473
5688	10473
5689	10473
5690	10473
5691	10473
5692	10473
5693	10473
5694	10473
5695	10473
5696	10473
5697	10473
5698	10473
5699	10473
5700	10473
5701	10473
5702	10473
5703	10473
5704	10473
5705	10473
5706	10473
5707	10473
5708	10473
5709	10473
5710	10473
5711	10473
5712	10473
5713	10473
5714	10473
5715	10473
5716	10473
5717	10473
5718	10473
5719	10473
5720	10473
5721	10473
5722	10473
5723	10473
5724	10473
5725	10473
5726	10473
5727	10473
5728	10473
5729	10473
5730	10473
5731	10473
5732	10473
5733	10473
5734	10473
5735	10473
5736	10473
5737	10473
5738	10473
5739	10473
5740	10473
5741	10473
5742	10473
5743	10473
5744	10473
5745	10473
5746	10473
5747	10473
5748	10473
5749	10473
5750	10473
5751	10473
5752	10473
5753	10473
5754	10473
5755	10473
5756	10473
5757	10473
5758	10473
5759	10473
5760	10473
5761	10473
5762	10473
5763	10473
5764	10473
5765	10473
5766	10473
5767	10473
5768	10473
5769	10473
5770	10473
5771	10473
5772	10473
5773	10473
5774	10473
5775	10473
5776	10473
5777	10473
5778	10473
5779	10473
5780	10473
5781	10473
5782	10473
5783	10473
5784	10473
5785	10473
5786	10473
5787	10473
5788	10473
5789	10473
5790	10473
5791	10473
5792	10473
5793	10473
5794	10473
5795	10473
5796	10473
5797	10473
5798	10473
5799	10473
5800	10473
5801	10473
5802	10473
5803	10473
5804	10473
5805	10473
5806	10473
5807	10473
5808	10473
5809	10473
5810	10473
5811	10473
5812	10473
5813	10473
5814	10473
5815	10473
5816	10473
5817	10473
5818	10473
5819	10473
5820	10473
5821	10473
5822	10473
5823	10473
5824	10473
5825	10473
5826	10473
5827	10473
5828	10473
5829	10473
5830	10473
5831	10473
5832	10473
5833	10473
5834	10473
5835	10473
5836	10473
5837	10473
5838	10473
5839	10473
5840	10473
5841	10473
5842	10473
5843	10473
5844	10473
5845	10473
5846	10473
5847	10473
5848	10473
5849	10473
5850	10473
5851	10473
5852	10473
5853	10473
5854	10473
5855	10473
5856	10473
5857	10473
5858	10473
5859	10473
5860	10473
5861	10473
5862	10473
5863	10473
5864	10473
5865	10473
5866	10473
5867	10473
5868	10473
5869	10473
5870	10473
5871	10473
5872	10473
5873	10473
5874	10473
5875	10473
5876	10473
5877	10473
5878	10473
5879	10473
5880	10473
5881	10473
5882	10473
5883	10473
5884	10473
5885	10473
5886	10473
5887	10473
5888	10473
5889	10473
5890	10473
5891	10473
5892	10473
5893	10473
5894	10473
5895	10473
5896	10473
5897	10473
5898	10473
5899	10473
5900	10473
5901	10473
5902	10473
5903	10473
5904	10473
5905	10473
5906	10473
5907	10473
5908	10473
5909	10473
5910	10473
5911	10473
5912	10473
5913	10473
5914	10473
5915	10473
5916	10473
5917	10473
5918	10473
5919	10473
5920	10473
5921	10473
5922	10473
5923	10473
5924	10473
5925	10473
5926	10473
5927	10473
5928	10473
5929	10473
5930	10473
5931	10473
5932	10473
5933	10473
5934	10473
5935	10473
5936	10473
5937	10473
5938	10473
5939	10473
5940	10473
5941	10473
5942	10473
5943	10473
5944	10473
5945	10473
5946	10473
5947	10473
5948	10473
5949	10473
5950	10473
5951	10473
5952	10473
5953	10473
5954	10473
5955	10473
5956	10473
5957	10473
5958	10473
5959	10473
5960	10473
5961	10473
5962	10473
5963	10473
5964	10473
5965	10473
5966	10473
5967	10473
5968	10473
5969	10473
5970	10473
5971	10473
5972	10473
5973	10473
5974	10473
5975	10473
5976	10473
5977	10473
5978	10473
5979	10473
5980	10473
5981	10473
5982	10473
5983	10473
5984	10473
5985	10473
5986	10473
5987	10473
5988	10473
5989	10473
5990	10473
5991	10473
5992	10473
5993	10473
5994	10473
5995	10473
5996	10473
5997	10473
5998	10473
5999	10473
6000	10473
6001	10473
6002	10473
6003	10473
6004	10473
6005	10473
6006	10473
6007	10473
6008	10473
6009	10473
6010	10473
6011	10473
6012	10473
6013	10473
6014	10473
6015	10473
6016	10473
6017	10473
6018	10473
6019	10473
6020	10473
6021	10473
6022	10473
6023	10473
6024	10473
6025	10473
6026	10473
6027	10473
6028	10473
6029	10473
6030	10473
6031	10473
6032	10473
6033	10473
6034	10473
6035	10473
6036	10473
6037	10473
6038	10473
6039	10473
6040	10473
6041	10473
6042	10473
6043	10473
6044	10473
6045	10473
6046	10473
6047	10473
6048	10473
6049	10473
6050	10473
6051	10473
6052	10473
6053	10473
6054	10473
6055	10473
6056	10473
6057	10473
6058	10473
6059	10473
6060	10473
6061	10473
6062	10473
6063	10473
6064	10473
6065	10473
6066	10473
6067	10473
6068	10473
6069	10473
6070	10473
6071	10473
6072	10473
6073	10473
6074	10473
6075	10473
6076	10473
6077	10473
6078	10473
6079	10473
6080	10473
6081	10473
6082	10473
6083	10473
6084	10473
6085	10473
6086	10473
6087	10473
6088	10473
6089	10473
6090	10473
6091	10473
6092	10473
6093	10473
6094	10473
6095	10473
6096	10473
6097	10473
6098	10473
6099	10473
6100	10473
6101	10473
6102	10473
6103	10473
6104	10473
6105	10473
6106	10473
6107	10473
6108	10473
6109	10473
6110	10473
6111	10473
6112	10473
6113	10473
6114	10473
6115	10473
6116	10473
6117	10473
6118	10473
6119	10473
6120	10473
6121	10473
6122	10473
6123	10473
6124	10473
6125	10473
6126	10473
6127	10473
6128	10473
6129	10473
6130	10473
6131	10473
6132	10473
6133	10473
6134	10473
6135	10473
6136	10473
6137	10473
6138	10473
6139	10473
6140	10473
6141	10473
6142	10473
6143	10473
6144	10473
6145	10473
6146	10473
6147	10473
6148	10473
6149	10473
6150	10473
6151	10473
6152	10473
6153	10473
6154	10473
6155	10473
6156	10473
6157	10473
6158	10473
6159	10473
6160	10473
6161	10473
6162	10473
6163	10473
6164	10473
6165	10473
6166	10473
6167	10473
6168	10473
6169	10473
6170	10473
6171	10473
6172	10473
6173	10473
6174	10473
6175	10473
6176	10473
6177	10473
6178	10473
6179	10473
6180	10473
6181	10473
6182	10473
6183	10473
6184	10473
6185	10473
6186	10473
6187	10473
6188	10473
6189	10473
6190	10473
6191	10473
6192	10473
6193	10473
6194	10473
6195	10473
6196	10473
6197	10473
6198	10473
6199	10473
6200	10473
6201	10473
6202	10473
6203	10473
6204	10473
6205	10473
6206	10473
6207	10473
6208	10473
6209	10473
6210	10473
6211	10473
6212	10473
6213	10473
6214	10473
6215	10473
6216	10473
6217	10473
6218	10473
6219	10473
6220	10473
6221	10473
6222	10473
6223	10473
6224	10473
6225	10473
6226	10473
6227	10473
6228	10473
6229	10473
6230	10473
6231	10473
6232	10473
6233	10473
6234	10473
6235	10473
6236	10473
6237	10473
6238	10473
6239	10473
6240	10473
6241	10473
6242	10473
6243	10473
6244	10473
6245	10473
6246	10473
6247	10473
6248	10473
6249	10473
6250	10473
6251	10473
6252	10473
6253	10473
6254	10473
6255	10473
6256	10473
6257	10473
6258	10473
6259	10473
6260	10473
6261	10473
6262	10473
6263	10473
6264	10473
6265	10473
6266	10473
6267	10473
6268	10473
6269	10473
6270	10473
6271	10473
6272	10473
6273	10473
6274	10473
6275	10473
6276	10473
6277	10473
6278	10473
6279	10473
6280	10473
6281	10473
6282	10473
6283	10473
6284	10473
6285	10473
6286	10473
6287	10473
6288	10473
6289	10473
6290	10473
6291	10473
6292	10473
6293	10473
6294	10473
6295	10473
6296	10473
6297	10473
6298	10473
6299	10473
6300	10473
6301	10473
6302	10473
6303	10473
6304	10473
6305	10473
6306	10473
6307	10473
6308	10473
6309	10473
6310	10473
6311	10473
6312	10473
6313	10473
6314	10473
6315	10473
6316	10473
6317	10473
6318	10473
6319	10473
6320	10473
6321	10473
6322	10473
6323	10473
6324	10473
6325	10473
6326	10473
6327	10473
6328	10473
6329	10473
6330	10473
6331	10473
6332	10473
6333	10473
6334	10473
6335	10473
6336	10473
6337	10473
6338	10473
6339	10473
6340	10473
6341	10473
6342	10473
6343	10473
6344	10473
6345	10473
6346	10473
6347	10473
6348	10473
6349	10473
6350	10473
6351	10473
6352	10473
6353	10473
6354	10473
6355	10473
